80
748291|Computer Science Orientation Week|1|20260105|0900|1100|101|0|0|50
384710|Advanced Networking Lab Session|2|20260106|1300|1500|108|0|0|20
912045|New Year Research Kickoff Seminar|2|20260107|1000|1200|604|0|0|40
563821|Robotics Club First Meeting|3|20260108|1400|1600|208|0|0|15
104938|Chemistry Lab Safety Briefing|1|20260109|0800|0900|401|0|0|40
729384|MBA Strategy Workshop|2|20260110|1000|1200|915|0|0|25
301847|Physics Guest Lecture Series 1|3|20260112|1400|1600|502|0|0|60
856203|Medical Simulation Drill Alpha|1|20260113|0900|1200|1105|0|0|20
492817|Annual Research Planning Symposium|2|20260114|0900|1700|1303|0|0|100
637492|AI Research Lab Intro Session|1|20260115|1000|1200|110|0|0|35
112233|Biomedical Sciences Lab Induction|1|20260119|0800|1000|705|0|0|30
223344|Law Faculty Moot Preparation|2|20260120|1300|1500|802|0|0|20
334455|Mathematics Lecture Series 1|2|20260121|0900|1100|602|0|0|55
445566|Electrical Engineering Lab Intro|1|20260122|1000|1200|206|0|0|25
556677|Arts and Humanities Seminar|3|20260123|1400|1600|1003|0|0|30
667788|Library Research Skills Workshop|3|20260126|1100|1300|1402|0|0|45
778899|PhD Orientation Postgrad Floor|2|20260127|0900|1100|1202|0|0|20
889900|Clinical Skills Lab Intro|1|20260128|0800|1000|1104|0|0|18
990011|Mechanical Engineering Safety Talk|1|20260129|1300|1400|312|0|0|35
101112|Senate Academic Calendar Briefing|1|20260130|1000|1200|1303|0|0|80
213141|February Faculty Dev Workshop|2|20260202|0900|1200|904|0|0|40
314151|Genetics Lab Experiment Session 1|1|20260203|1300|1600|706|0|0|16
415161|Quantum Physics Lab Practical 1|1|20260204|0800|1100|505|0|0|18
516171|Legal Research Lab Session|2|20260205|1000|1200|808|0|0|22
617181|Trading Simulation Lab Round 1|2|20260206|1300|1600|905|0|0|20
718191|Fluid Mechanics Lab Session 1|1|20260209|0900|1200|307|0|0|24
819201|Media Production Workshop|3|20260210|1400|1700|1006|0|0|15
920211|Biochemistry Practical Session|1|20260211|0800|1100|709|0|0|20
121314|CAD CAM Lab Design Project Kickoff|2|20260212|1300|1600|309|0|0|18
222324|Postdoc Research Presentation|2|20260213|1000|1200|1210|0|0|25
323334|March Exam Prep Lecture CS|1|20260302|0800|1000|102|0|0|55
424344|Organic Chemistry Pre Exam Lab|1|20260303|1300|1600|405|0|0|20
525354|Robotics Mid Project Review|2|20260304|1000|1200|208|0|0|15
626364|Law Moot Court Competition Day 1|1|20260305|0900|1700|802|0|0|30
727374|Physics Optics Lab Practical|1|20260306|0800|1100|506|0|0|18
828384|MBA Finance Presentation Round|2|20260309|1300|1600|906|0|0|22
929394|Medical Pathology Lab Session|1|20260310|0800|1100|1107|0|0|16
103040|Senate Board Meeting March|1|20260311|1000|1200|1304|0|0|50
203050|Electrical Power Systems Lab|1|20260312|1300|1600|207|0|0|20
304060|Mathematics Statistics Lab|2|20260313|0900|1100|607|0|0|30
405060|Networking Lab Morning Slot|1|20260401|0800|1000|108|0|0|20
506070|Programming Lab A Session|1|20260401|1000|1200|106|0|0|20
607080|CS Lecture Hall Exam|1|20260401|1300|1600|102|0|0|55
708090|Chemistry Organic Exam|1|20260402|0800|1100|405|0|0|20
809010|Biochemistry Lab Block|1|20260402|1100|1300|709|0|0|20
910111|Physics Lecture Exam|1|20260402|1400|1700|103|0|0|55
111213|Robotics Lab Morning|1|20260403|0800|1200|208|0|0|15
141516|Robotics Lab Afternoon|2|20260403|1300|1700|208|0|0|15
171819|Moot Court Finals|1|20260403|0900|1700|802|0|0|30
202122|Genetics Lab Morning|1|20260404|0800|1100|706|0|0|16
232425|Genetics Lab Afternoon|2|20260404|1300|1600|706|0|0|16
262728|Senate Emergency Meeting|1|20260404|1000|1200|1303|0|0|80
293031|Trading Sim Round 2 AM|2|20260407|0800|1000|905|0|0|20
313233|Trading Sim Round 2 PM|2|20260407|1300|1500|905|0|0|20
343536|Fluid Mechanics Exam|1|20260407|1000|1200|307|0|0|24
373839|CAD CAM Final Submission|1|20260408|0800|1200|309|0|0|18
404142|Power Systems Lab Full Day|1|20260408|1300|1700|207|0|0|20
434445|PhD Viva Room A Morning|1|20260409|0800|1100|1211|0|0|5
464748|PhD Viva Room B Morning|1|20260409|0800|1100|1212|0|0|5
495051|PhD Viva Room A Afternoon|1|20260409|1300|1600|1211|0|0|5
525253|Clinical Skills Exam|1|20260410|0800|1200|1104|0|0|18
555657|Simulation Ward Drill|1|20260410|1300|1700|1105|0|0|20
585960|Spectroscopy Lab Block|1|20260411|0800|1100|408|0|0|16
616263|Statistics Exam Hall K|1|20260411|1300|1600|602|0|0|55
646566|AI Lab Full Day Sprint|1|20260414|0800|1700|110|0|0|35
676869|Legal Affairs Hearing|1|20260414|1000|1200|1308|0|0|30
707172|Medical Dissection Lab|1|20260415|0800|1200|1106|0|0|16
737475|Pharmacology Exam Lab|1|20260415|1300|1600|1109|0|0|18
767778|Board Extraordinary Session|1|20260416|0900|1700|1304|0|0|50
798081|Quantum Physics Final Exam|1|20260417|0800|1100|505|0|0|18
828485|Programming Lab B Final|1|20260417|1300|1600|107|0|0|20
858687|CS Networking Final Exam|1|20260422|0800|1100|108|0|0|20
898990|Postgrad Research Symposium|2|20260503|0900|1700|1303|0|0|100
909192|Biomedical Conference|2|20260610|0900|1700|702|0|0|60
919293|Faculty Dev Retreat|3|20260715|0900|1700|1313|0|0|40
929495|Robotics Final Demo|2|20260820|1000|1600|208|0|0|20
939596|New Semester Briefing|1|20260902|0800|1000|101|0|0|80
949697|Research Grant Seminar|2|20261015|1000|1200|1310|0|0|35
959798|End Semester Review|2|20261110|1300|1600|604|0|0|45
969899|Graduation Rehearsal|1|20261201|0900|1700|1303|0|0|200
